[865, 1,   21,  16,  3,   0,   77,  0,   17,  0]
[1,   963, 0,   22,  4,   0,   7,   0,   3,   0]
[11,  0,   860, 8,   56,  0,   63,  0,   2,   0]
[23,  3,   11,  894, 34,  0,   30,  0,   5,   0]
[0,   1,   56,  27,  844, 0,   71,  0,   1,   0]
[0,   0,   0,   0,   0,   970, 0,   17,  1,   12]
[131, 0,   73,  25,  88,  0,   662, 0,   21,  0] sneakers and shoes, даже я их не распознаю
[0,   0,   0,   0,   0,   11,  0,   959, 1,   29]
[0,   1,   3,   4,   2,   4,   4,   2,   980, 0]
[0,   0,   0,   0,   0,   3,   1,   32,  0,   964]
[[2954, 0.99998], [4924, 0.4318198], [2953, 0.99995947], [3531, 0.9999783], [1005, 0.99990416], [2279, 0.19081627], [2506, 0.99998593], [6679, 0.0014954853], [9928, 0.9999893], [6485, 0.017340712]]
[[9450, 0.9886741], [4409, 0.9999927], [2741, 0.027928744], [5533, 0.9999888], [7876, 0.99997234], [2741, 0.00019148912], [1659, 0.9942479], [5280, 0.0003956416], [8156, 0.9995278], [7533, 0.00019174143]]
[[732, 0.99995077], [7049, 0.0067989714], [3763, 0.999997], [3457, 0.9997662], [2001, 0.9999726], [3082, 0.0018844352], [1533, 0.99997306], [3041, 1.6159329e-05], [9946, 0.9999038], [6990, 0.0009445409]]
[[979, 0.99994874], [7109, 0.9445071], [7948, 0.9999887], [5692, 0.9999907], [6207, 0.9999846], [2736, 0.1612449], [6997, 0.99996257], [3265, 0.006525088], [4148, 0.999954], [3265, 0.027807444]]
[[4251, 0.0438191], [8621, 0.9841286], [2509, 0.9999962], [3084, 0.99998915], [643, 0.9999887], [2487, 0.01055021], [1101, 0.9999502], [1142, 0.00012551034], [4251, 0.95421076], [1142, 0.0062571326]]
[[5285, 0.005074743], [8279, 0.0013870428], [1819, 0.00062270544], [5285, 0.006446256], [1819, 0.009413209], [6181, 0.999998], [1819, 0.006757957], [1953, 0.9999951], [7798, 0.9152217], [6061, 0.99998796]]
[[4803, 0.9999474], [3045, 0.37763488], [5155, 0.99999046], [147, 0.99998677], [3262, 0.99997413], [6797, 0.002268455], [8597, 0.9999958], [3045, 0.0020807532], [1645, 0.99997437], [3663, 0.0007533133]]
[[3291, 0.00016475735], [6472, 0.0005231607], [4473, 0.00024983942], [8754, 0.00013773498], [8972, 0.00019814233], [9238, 0.9999962], [2965, 0.0015990428], [2070, 0.999997], [12, 0.9991666], [4693, 0.99999046]]
[[669, 0.39154252], [2905, 0.99997413], [1980, 0.9999323], [2476, 0.98886836], [5470, 0.9998882], [1300, 0.9999846], [3988, 0.98091274], [4829, 0.9970048], [9932, 0.9999969], [3468, 0.16500965]]
[[3999, 1.5720812e-05], [7047, 1.7049948e-05], [5512, 0.39371747], [1942, 0.0001527868], [6799, 9.2746865e-05], [23, 0.99999464], [5512, 0.6059248], [441, 0.99999654], [5009, 0.0031250042], [7661, 0.9999925]]
