222
0.7391304347826086 0.7666666666666666 -1
0.7391304347826086 0.65 -1
0.043478260869565216 0.2833333333333333 1
1.0 0.2833333333333333 1
0.7391304347826086 0.7833333333333333 -1
0.8260869565217391 0.7999999999999999 -1
0.782608695652174 0.6833333333333332 -1
0.9130434782608695 0.6166666666666667 -1
0.8695652173913043 0.3833333333333333 1
0.30434782608695654 0.3333333333333333 1
0.782608695652174 0.8333333333333334 -1
0.043478260869565216 0.3833333333333333 1
0.17391304347826086 0.7166666666666667 1
0.9130434782608695 0.3333333333333333 1
0.13043478260869565 0.75 -1
0.21739130434782608 0.5499999999999999 -1
0.8695652173913043 0.31666666666666665 1
0.08695652173913043 0.7666666666666666 -1
0.13043478260869565 0.7833333333333333 -1
0.7391304347826086 0.6666666666666666 1
0.17391304347826086 0.6166666666666667 -1
0.21739130434782608 0.48333333333333334 1
0.17391304347826086 0.6166666666666667 1
0.2608695652173913 0.2833333333333333 1
0.043478260869565216 0.6833333333333332 -1
0.08695652173913043 0.3 1
0.17391304347826086 0.6833333333333332 1
0.34782608695652173 0.7000000000000001 -1
0.17391304347826086 0.75 -1
0.9130434782608695 0.7833333333333333 -1
0.8695652173913043 0.43333333333333335 1
0.2608695652173913 0.3 1
0.7391304347826086 0.6833333333333332 -1
0.6956521739130435 0.7166666666666667 1
0.30434782608695654 0.3 1
0.782608695652174 0.7333333333333334 -1
0.043478260869565216 0.7666666666666666 -1
0.17391304347826086 0.5666666666666667 -1
0.2608695652173913 0.5833333333333334 -1
0.30434782608695654 0.5833333333333334 -1
0.21739130434782608 0.6166666666666667 -1
0.6956521739130435 0.7333333333333334 -1
0.34782608695652173 0.6833333333333332 -1
0.782608695652174 0.7333333333333334 -1
0.30434782608695654 0.75 -1
0.30434782608695654 0.7166666666666667 -1
0.7391304347826086 0.5333333333333333 1
0.2608695652173913 0.3 1
0.17391304347826086 0.6166666666666667 -1
0.7391304347826086 0.75 -1
1.0 0.7000000000000001 -1
0.2608695652173913 0.7666666666666666 -1
0.13043478260869565 0.3833333333333333 1
1.0 0.3 1
0.782608695652174 0.3 1
0.9130434782608695 0.3 1
0.17391304347826086 0.6666666666666666 -1
0.6956521739130435 0.7166666666666667 -1
1.0 0.7333333333333334 -1
1.0 0.75 -1
0.8260869565217391 0.7833333333333333 -1
0.782608695652174 0.6666666666666666 -1
0.34782608695652173 0.7999999999999999 -1
0.13043478260869565 0.6333333333333333 -1
0.08695652173913043 0.5333333333333333 -1
1.0 0.7833333333333333 -1
0.30434782608695654 0.7166666666666667 -1
0.21739130434782608 0.3333333333333333 1
0.08695652173913043 0.3333333333333333 1
0.13043478260869565 0.31666666666666665 1
0.6956521739130435 0.7833333333333333 -1
0.2608695652173913 0.7333333333333334 -1
0.08695652173913043 0.31666666666666665 1
0.782608695652174 0.3666666666666667 1
0.9130434782608695 0.7999999999999999 -1
0.7391304347826086 0.6666666666666666 -1
0.08695652173913043 0.2833333333333333 1
0.08695652173913043 0.5166666666666667 1
0.08695652173913043 0.7166666666666667 -1
0.782608695652174 0.6666666666666666 -1
0.6956521739130435 0.35000000000000003 1
0.21739130434782608 0.7166666666666667 -1
0.8695652173913043 0.5499999999999999 1
0.6956521739130435 0.6833333333333332 -1
0.043478260869565216 0.5833333333333334 -1
1.0 0.8666666666666667 -1
0.7391304347826086 0.7999999999999999 -1
0.2608695652173913 0.31666666666666665 1
0.7391304347826086 0.6666666666666666 1
0.34782608695652173 0.75 -1
1.0 0.3 1
0.13043478260869565 0.31666666666666665 1
0.8695652173913043 0.7000000000000001 -1
0.8695652173913043 0.7666666666666666 -1
0.30434782608695654 0.3333333333333333 1
0.9130434782608695 0.7833333333333333 -1
0.17391304347826086 0.4166666666666667 1
0.8260869565217391 0.31666666666666665 1
0.34782608695652173 0.7333333333333334 -1
0.9565217391304348 0.7166666666666667 -1
0.9130434782608695 0.85 -1
0.30434782608695654 0.6833333333333332 -1
0.043478260869565216 0.7333333333333334 -1
0.8260869565217391 0.7166666666666667 -1
1.0 0.35000000000000003 1
0.2608695652173913 0.7666666666666666 -1
0.34782608695652173 0.3333333333333333 1
0.9130434782608695 0.75 1
0.08695652173913043 0.6166666666666667 1
0.043478260869565216 0.8166666666666668 -1
1.0 0.7000000000000001 -1
0.8260869565217391 0.7166666666666667 -1
0.6956521739130435 0.7333333333333334 -1
0.8695652173913043 0.7333333333333334 -1
0.30434782608695654 0.7000000000000001 -1
0.17391304347826086 0.6333333333333333 -1
0.13043478260869565 0.7666666666666666 -1
0.8260869565217391 0.4166666666666667 1
1.0 0.3666666666666667 1
0.13043478260869565 0.7166666666666667 -1
0.043478260869565216 0.7833333333333333 -1
0.6956521739130435 0.31666666666666665 1
0.2608695652173913 0.6166666666666667 -1
0.043478260869565216 0.5666666666666667 -1
0.34782608695652173 0.31666666666666665 1
0.34782608695652173 0.6833333333333332 -1
0.6956521739130435 0.7666666666666666 -1
0.8260869565217391 0.6333333333333333 -1
0.9565217391304348 0.5 -1
0.30434782608695654 0.7833333333333333 -1
0.6956521739130435 0.7833333333333333 -1
0.13043478260869565 0.5833333333333334 -1
0.21739130434782608 0.7333333333333334 -1
0.9565217391304348 0.85 -1
0.043478260869565216 0.2833333333333333 1
0.9130434782608695 0.3333333333333333 1
0.8695652173913043 0.7166666666666667 -1
0.782608695652174 0.7999999999999999 -1
0.6956521739130435 0.75 -1
0.2608695652173913 0.2833333333333333 1
0.30434782608695654 0.3 1
0.34782608695652173 0.7666666666666666 -1
0.9565217391304348 0.48333333333333334 1
0.782608695652174 0.3666666666666667 1
0.7391304347826086 0.3666666666666667 1
0.7391304347826086 0.7333333333333334 -1
0.21739130434782608 0.6666666666666666 1
0.17391304347826086 0.6 -1
0.9565217391304348 0.35000000000000003 1
1.0 0.6666666666666666 1
0.043478260869565216 0.6666666666666666 -1
0.21739130434782608 0.3833333333333333 1
0.21739130434782608 0.31666666666666665 1
0.9130434782608695 0.7999999999999999 -1
0.21739130434782608 0.7666666666666666 -1
0.8260869565217391 0.3666666666666667 1
0.8260869565217391 0.7999999999999999 -1
0.782608695652174 0.6333333333333333 -1
0.8695652173913043 0.48333333333333334 1
0.782608695652174 0.85 -1
0.21739130434782608 0.7166666666666667 -1
0.34782608695652173 0.45 1
1.0 0.35000000000000003 1
0.8260869565217391 0.3 1
0.9565217391304348 0.2833333333333333 1
0.30434782608695654 0.65 -1
0.9565217391304348 0.3666666666666667 1
0.8695652173913043 0.3666666666666667 1
0.2608695652173913 0.48333333333333334 -1
0.08695652173913043 0.65 -1
0.17391304347826086 0.6333333333333333 -1
0.6956521739130435 0.3333333333333333 1
0.7391304347826086 0.6833333333333332 1
0.2608695652173913 0.6666666666666666 -1
0.9565217391304348 0.7166666666666667 -1
0.8695652173913043 0.7833333333333333 -1
0.9565217391304348 0.7833333333333333 -1
0.21739130434782608 0.6833333333333332 -1
0.34782608695652173 0.6833333333333332 1
0.8260869565217391 0.7333333333333334 -1
0.043478260869565216 0.65 -1
0.13043478260869565 0.3 1
0.9565217391304348 0.6666666666666666 -1
0.6956521739130435 0.7000000000000001 -1
0.8695652173913043 0.5499999999999999 1
0.8695652173913043 0.7666666666666666 1
0.08695652173913043 0.3 1
0.9130434782608695 0.75 -1
0.2608695652173913 0.6666666666666666 1
0.21739130434782608 0.6 1
0.17391304347826086 0.6333333333333333 1
0.9565217391304348 0.75 1
0.9130434782608695 0.31666666666666665 1
0.08695652173913043 0.6666666666666666 -1
0.782608695652174 0.31666666666666665 1
0.8695652173913043 0.7000000000000001 -1
0.9565217391304348 0.7666666666666666 -1
0.13043478260869565 0.65 -1
0.8260869565217391 0.3333333333333333 1
0.9565217391304348 0.7000000000000001 -1
0.13043478260869565 0.3 1
0.08695652173913043 0.6833333333333332 -1
1.0 0.7833333333333333 -1
0.34782608695652173 0.6833333333333332 -1
0.21739130434782608 0.6166666666666667 -1
0.9130434782608695 0.7999999999999999 -1
1.0 0.3333333333333333 1
0.6956521739130435 0.4166666666666667 1
0.8695652173913043 0.7833333333333333 -1
0.13043478260869565 0.7666666666666666 -1
0.9130434782608695 0.7166666666666667 -1
0.782608695652174 0.7166666666666667 -1
0.2608695652173913 0.7666666666666666 -1
0.8260869565217391 0.7333333333333334 -1
0.043478260869565216 0.6666666666666666 1
0.9565217391304348 0.35000000000000003 1
0.8695652173913043 0.7666666666666666 -1
0.17391304347826086 0.6333333333333333 -1
0.7391304347826086 0.7166666666666667 -1
0.34782608695652173 0.6666666666666666 -1
0.30434782608695654 0.3 1
0.8260869565217391 0.75 -1
